471 471 471 471 471 471 471 471 471 471 471 471 471 471 471 471 471 471 471 471 471 471 471 471 471 471 471 471 471 471 471 471 471 471 471 471 471 471 471 471 471 471 471 471 471 471 471 471 471 471 471 471 471 471 471 471 471 471 471 471 471 471 471 471 471 471 471 471 471 471 471 471 471 471 471 471 471 471 471 471 471 471 471 471 471 471 471 471 471 471 471 471 471 471 471 471 471 471 471 471
471 471 471 471 471 471 471 471 471 471 471 471 471 471 471 471 471 471 471 471 471 471 471 471 471 471 471 471 471 471 471 471 471 471 471 471 471 471 471 471 471 471 471 471 471 471 471 471 471 471 471 471 471 471 471 471 471 471 471 471 471 471 471 471 471 471 471 471 471 471 471 471 471 471 471 471 471 471 471 471 471 471 471 471 471 471 471 471 471 471 471 471 471 471 471 471 471 471 471 471
471 471 471 471 471 471 471 471 471 471 471 471 471 471 471 471 471 471 471 471 471 471 471 471 471 471 471 471 471 471 471 471 471 471 471 471 471 471 471 471 471 471 471 471 471 471 471 471 471 471 471 471 471 471 471 471 471 471 471 471 471 471 471 471 471 471 471 471 471 471 471 471 471 471 471 471 471 471 471 471 471 471 471 471 471 471 471 471 471 471 471 471 471 471 471 471 471 471 471 471
471 471 471 471 471 471 471 471 471 471 471 471 471 471 471 471 471 471 471 471 471 471 471 471 471 471 471 471 471 471 471 471 471 471 471 471 471 471 471 471 471 471 471 471 471 471 471 471 471 471 672 471 471 471 471 471 471 471 471 471 471 471 471 471 471 471 471 471 471 471 471 471 471 471 471 471 471 471 471 471 471 471 471 471 471 471 471 471 471 471 471 471 471 471 471 471 471 471 471 471
471 471 471 471 471 471 471 471 471 471 471 471 471 471 471 471 471 471 471 471 471 471 471 471 471 471 471 471 471 471 471 471 471 471 471 471 672 471 471 471 471 471 471 471 471 471 471 471 471 471 471 471 471 471 471 471 471 471 471 471 471 471 471 471 471 471 471 471 471 471 471 471 471 471 471 471 471 471 471 471 471 471 471 471 471 471 471 471 471 471 471 471 471 471 471 471 471 471 471 471
471 471 471 471 471 471 471 471 471 471 471 471 471 471 471 471 471 471 471 471 471 471 471 471 471 471 471 471 471 471 471 471 471 471 471 471 471 471 471 471 471 471 471 471 471 471 471 471 471 471 471 471 471 471 471 471 471 471 471 471 471 471 471 471 471 471 471 471 471 471 471 471 471 471 471 471 471 471 471 471 471 471 471 471 471 471 471 471 471 471 471 471 471 471 471 471 471 471 471 471
471 471 471 471 471 471 471 471 471 471 471 471 471 471 471 471 471 471 471 471 471 471 471 471 471 471 471 471 471 471 471 471 471 471 471 471 471 471 471 471 471 471 471 471 471 471 471 471 471 471 471 471 471 471 471 471 471 471 471 471 471 471 471 471 471 471 471 471 471 471 471 471 471 471 471 471 471 471 471 471 471 471 471 471 471 471 471 471 471 471 471 471 471 471 471 471 471 471 471 471
471 471 471 471 471 471 471 471 471 471 471 471 471 471 471 471 471 471 471 471 471 471 471 471 471 471 471 471 471 471 471 471 471 471 471 471 471 471 471 471 471 471 471 471 471 471 471 471 471 471 672 471 471 471 471 471 471 471 471 471 471 471 471 471 471 471 471 471 471 471 471 471 471 471 471 471 471 471 471 471 471 471 471 471 471 471 471 471 471 471 471 471 471 471 471 471 471 471 471 471
471 471 471 471 471 471 471 471 471 471 471 471 471 471 471 437 437 471 471 471 471 471 471 471 471 471 471 471 471 471 471 471 471 471 56 56 56 471 471 471 471 471 471 471 672 471 471 471 471 471 471 471 471 471 471 471 471 471 471 471 471 471 471 471 471 471 471 471 471 471 471 471 471 471 471 471 471 471 471 471 471 471 471 471 471 471 471 471 471 471 471 471 471 471 471 471 471 471 471 471
471 471 471 437 471 471 471 471 471 471 471 437 471 471 471 437 437 471 471 471 471 471 471 471 471 471 471 471 471 471 471 471 471 471 471 471 471 471 471 471 471 471 471 471 471 471 471 471 471 471 471 471 471 471 471 471 471 471 471 471 471 471 471 471 471 471 471 0 0 0 0 0 0 471 471 471 471 471 471 471 471 471 471 471 471 471 471 471 471 471 471 471 471 471 471 471 471 471 471 471
471 471 471 471 471 471 471 471 471 471 471 471 471 471 471 471 471 471 471 471 471 471 471 471 471 471 471 471 471 471 471 471 471 471 471 471 471 471 471 471 471 471 471 471 471 471 471 471 471 471 471 471 471 471 471 471 471 471 471 471 471 471 471 471 471 471 471 0 1 1 1 1 0 471 471 471 471 471 471 471 471 471 471 471 471 471 471 471 471 471 471 471 471 471 471 471 471 471 471 471
471 471 471 471 471 471 471 471 471 471 471 471 1 471 471 471 471 471 1 1 471 471 471 471 471 471 471 471 471 471 471 471 56 56 56 56 56 471 471 471 471 471 56 56 56 56 56 471 672 56 56 56 672 471 471 471 471 471 471 471 471 471 471 471 471 471 471 0 1 1 1 1 0 471 471 471 471 471 471 471 471 471 471 471 471 471 471 471 471 471 471 471 471 471 471 471 471 471 471 471
471 471 471 471 471 471 471 471 471 471 471 1 1 471 471 471 471 471 1 1 471 471 471 471 413 471 471 471 471 471 471 471 471 471 471 471 471 471 471 471 471 471 471 471 471 471 471 471 471 471 471 471 471 471 471 471 471 471 471 471 471 471 471 471 0 471 471 0 1 1 1 1 0 471 471 471 471 471 471 471 471 471 471 471 471 471 471 471 471 471 471 471 471 471 471 471 471 471 471 471
471 471 471 471 471 471 471 471 471 471 1 1 1 471 471 471 471 471 1 1 1 471 471 471 413 413 413 8 36 471 471 471 471 471 471 471 471 471 471 471 471 471 471 471 471 471 471 471 471 471 471 471 471 471 471 471 471 471 471 471 471 471 471 471 0 471 471 0 1 1 1 1 0 471 471 471 471 471 471 471 471 471 471 471 471 471 471 471 471 471 471 471 471 471 471 471 471 471 471 471
471 471 140 140 140 140 140 471 471 1 1 1 1 471 471 471 471 471 1 1 1 471 471 471 471 471 471 9 37 471 471 319 345 375 471 471 428 428 428 428 428 471 471 471 319 345 375 471 471 471 319 345 375 471 471 471 471 471 471 471 471 471 471 471 0 471 471 0 1 1 1 1 0 471 471 471 471 471 471 471 471 471 471 471 471 471 471 471 471 471 471 471 471 471 471 471 471 471 471 471
0 0 0 0 0 0 0 0 0 0 0 0 0 0 0 0 0 0 0 0 0 0 471 471 0 0 0 0 0 0 0 0 0 0 0 0 85 85 85 85 85 0 0 0 0 0 0 0 0 0 0 0 0 0 0 0 0 0 0 0 0 0 0 0 0 0 0 0 0 0 0 0 0 0 0 0 0 0 0 0 0 0 0 0 0 0 0 0 0 0 0 0 0 0 0 0 0 0 0 0
0 0 0 0 0 0 0 0 0 0 0 0 0 0 0 0 0 0 0 0 0 0 471 471 0 0 0 0 0 0 0 0 0 0 0 0 433 433 433 433 433 0 0 0 0 0 0 0 0 0 0 0 0 0 0 0 0 0 0 0 0 0 0 0 0 0 0 0 0 0 0 0 0 0 0 0 0 0 0 0 0 0 0 0 0 0 0 0 0 0 0 0 0 0 0 0 0 0 0 0
0 0 0 0 0 0 0 0 0 0 0 0 0 0 0 0 0 0 0 0 0 0 471 471 0 0 0 0 0 0 0 0 0 0 0 0 433 433 433 433 433 0 0 141 141 141 141 141 0 0 141 141 141 141 141 0 0 0 0 0 0 0 0 0 0 0 0 0 0 0 0 0 0 0 0 0 0 0 0 0 0 0 0 0 0 0 0 0 0 0 0 0 0 0 0 0 0 0 0 0
0 0 0 0 0 0 0 0 0 0 0 0 0 0 0 0 0 0 0 0 0 0 471 471 0 0 0 0 0 0 0 0 0 0 0 0 433 433 433 433 433 0 0 141 141 141 141 141 0 0 141 141 141 141 141 0 0 0 0 0 0 0 0 0 0 0 0 0 0 0 0 0 0 0 0 0 0 0 0 0 0 0 0 0 0 0 0 0 0 0 0 0 0 0 0 0 0 0 0 0
0 0 0 0 0 0 0 0 0 0 0 0 0 0 0 0 0 0 0 0 0 0 110 110 0 0 0 0 0 0 0 0 0 0 0 0 433 433 433 433 433 0 0 141 141 141 141 141 0 0 141 141 141 141 141 0 0 0 0 0 0 0 0 0 0 0 0 0 0 0 0 0 0 0 0 0 0 0 0 0 0 0 0 0 0 0 0 0 0 0 0 0 0 0 0 0 0 0 0 0
0 0 0 0 0 0 0 0 0 0 0 0 0 0 0 0 0 0 0 0 0 0 111 111 0 0 0 0 0 0 0 0 0 0 0 0 110 110 110 110 110 0 0 141 141 141 141 141 0 0 141 141 141 141 141 0 0 0 0 0 0 0 0 0 0 0 0 0 0 0 0 0 0 0 0 0 0 0 0 0 0 0 0 0 0 0 0 0 0 0 0 0 0 0 0 0 0 0 0 0
0 0 0 0 0 0 0 0 0 0 0 0 0 0 0 0 0 0 0 0 0 0 111 111 0 0 0 0 0 0 0 0 0 0 0 0 111 111 111 111 111 0 0 141 141 141 141 141 0 0 141 141 141 141 141 0 0 0 0 0 0 0 0 0 0 0 0 0 0 0 0 0 0 0 0 0 0 0 0 0 0 0 0 0 0 0 0 0 0 0 0 0 0 0 0 0 0 0 0 0
0 0 0 0 0 0 0 0 0 0 0 0 0 0 0 0 0 0 0 0 0 0 111 111 0 0 0 0 0 0 0 0 0 0 0 0 111 111 111 111 111 0 0 141 141 141 141 141 0 0 141 141 141 141 141 0 0 0 0 0 0 0 0 0 0 0 0 0 0 0 0 0 0 0 0 0 0 0 0 0 0 0 0 0 0 0 0 0 0 0 0 0 0 0 0 0 0 0 0 0
471 471 471 471 471 471 471 471 471 471 471 471 471 471 471 471 471 471 471 471 471 471 471 471 471 471 471 471 471 471 471 471 471 471 471 471 471 433 471 433 471 471 471 471 471 471 471 471 471 471 471 471 471 471 471 471 471 471 471 471 471 471 471 471 471 471 471 471 471 471 471 471 471 471 471 471 471 471 471 471 471 471 471 471 471 471 471 471 471 471 471 471 471 471 471 471 471 471 471 471
471 471 471 471 471 471 471 471 471 471 471 471 471 471 471 471 471 471 471 471 471 471 471 471 471 471 471 471 471 471 471 471 471 471 471 471 471 471 471 471 471 471 471 471 471 471 471 471 471 471 471 471 471 471 471 471 471 471 471 471 471 471 471 471 471 471 471 471 471 471 471 471 471 471 471 471 471 471 471 471 471 471 471 471 471 471 471 471 471 471 471 471 471 471 471 471 471 471 471 471
471 471 471 471 471 471 471 471 471 471 471 471 471 471 471 471 471 471 471 471 471 471 471 471 433 433 433 433 433 433 471 471 471 471 471 471 471 471 471 471 471 471 471 471 471 471 471 471 471 471 471 471 471 471 471 471 471 471 471 471 471 471 471 471 471 471 471 471 471 471 471 471 471 471 471 471 471 471 471 471 471 471 471 471 471 471 471 471 471 471 471 471 471 471 471 471 471 471 471 471
471 471 471 471 471 471 471 471 471 471 471 471 471 471 471 471 471 471 471 471 471 471 471 471 471 471 471 471 471 433 471 471 471 471 471 471 471 471 471 471 471 471 471 471 471 471 471 471 471 471 471 471 471 471 471 471 471 471 471 471 471 471 471 471 471 471 471 471 471 471 471 471 471 471 471 471 471 471 471 471 471 471 471 471 471 471 471 471 471 471 471 471 471 471 471 471 471 471 471 471
471 471 471 471 471 471 471 471 471 471 471 471 471 471 471 471 471 471 471 471 471 471 471 471 471 471 471 471 471 471 471 471 471 471 471 471 471 471 471 471 471 471 471 471 471 471 471 471 471 471 471 471 471 471 471 471 471 471 471 471 471 471 471 471 471 471 471 471 471 471 471 471 471 471 471 471 471 471 471 471 471 471 471 471 471 471 471 471 471 471 471 471 471 471 471 471 471 471 471 471
471 471 471 471 471 471 471 471 471 471 471 471 471 471 471 471 471 471 471 471 471 471 471 471 471 471 471 471 471 471 471 471 471 471 471 471 471 471 471 471 471 471 471 471 471 471 471 471 471 471 471 471 471 471 471 471 471 471 471 471 471 471 471 471 471 471 471 471 471 471 471 471 471 471 471 471 471 471 471 471 471 471 471 471 471 471 471 471 471 471 471 471 471 471 471 471 471 471 471 471
471 471 471 471 471 471 471 471 471 471 471 471 471 471 471 471 471 471 471 471 471 471 471 471 471 471 471 471 471 471 471 471 471 471 471 471 471 471 471 471 471 471 471 471 471 471 471 471 471 471 471 471 471 471 471 471 471 471 471 471 471 471 471 471 471 471 471 471 471 471 471 471 471 471 471 471 471 471 471 471 471 471 471 471 471 471 471 471 471 471 471 471 471 471 471 471 471 471 471 471
471 471 471 471 471 471 471 471 471 471 471 471 471 471 471 471 471 471 471 471 471 471 471 471 471 471 471 471 471 471 471 471 471 471 471 471 471 471 471 471 471 471 471 471 471 471 471 471 471 471 471 471 471 471 471 471 471 471 471 471 471 471 471 471 471 471 471 471 471 471 471 471 471 471 471 471 471 471 471 471 471 471 471 471 471 471 471 471 471 471 471 471 471 471 471 471 471 471 471 471
471 471 471 471 471 471 471 471 471 471 471 471 471 471 471 471 471 471 471 471 471 471 471 471 471 471 471 471 471 471 471 471 471 471 471 471 471 471 471 471 471 471 471 471 471 471 471 471 471 471 471 471 471 471 471 471 471 471 471 471 471 471 471 471 471 471 471 471 471 471 471 471 471 471 471 471 471 471 471 471 471 471 471 471 471 471 471 471 471 471 471 471 471 471 471 471 471 471 471 471
471 471 471 471 471 471 471 471 471 471 471 471 471 471 471 471 471 471 471 471 471 471 471 471 471 471 471 471 471 471 471 471 471 471 471 471 471 471 471 471 471 471 471 471 471 471 471 471 471 471 471 471 471 471 471 471 471 471 471 471 471 471 471 471 471 471 471 471 471 471 471 471 471 471 471 471 471 471 471 471 471 471 471 471 471 471 471 471 471 471 471 471 471 471 471 471 471 471 471 471
471 471 471 471 471 471 471 471 471 471 471 471 471 471 471 471 471 471 471 471 471 471 471 471 471 471 471 471 471 471 471 471 471 471 471 471 471 471 471 471 471 471 471 471 471 471 471 471 471 471 471 471 471 471 471 471 471 471 471 471 471 471 471 471 471 471 471 471 471 471 471 471 471 471 471 471 471 471 471 471 471 471 471 471 471 471 471 471 471 471 471 471 471 471 471 471 471 471 471 471
471 471 471 471 471 471 471 471 471 471 471 471 471 471 471 471 471 471 471 471 471 471 471 471 471 471 471 471 471 471 471 471 471 471 471 471 471 471 471 471 471 471 471 471 471 471 471 471 471 471 471 471 471 471 471 471 471 471 471 471 471 471 471 471 471 471 471 471 471 471 471 471 471 471 471 471 471 471 471 471 471 471 471 471 471 471 471 471 471 471 471 471 471 471 471 471 471 471 471 471
471 471 471 471 471 471 471 471 471 471 471 471 471 471 471 471 471 471 471 471 471 471 471 471 471 471 471 471 471 471 471 471 471 471 471 471 471 471 471 471 471 471 471 471 471 471 471 471 471 471 471 471 471 471 471 471 471 471 471 471 471 471 471 471 471 471 471 471 471 471 471 471 471 471 471 471 471 471 471 471 471 471 471 471 471 471 471 471 471 471 471 471 471 471 471 471 471 471 471 471
471 471 471 471 471 471 471 471 471 471 471 471 471 471 471 471 471 471 471 471 471 471 471 471 471 471 471 471 471 471 471 471 471 471 471 471 471 471 471 471 471 471 471 471 471 471 471 471 471 471 471 471 471 471 471 471 471 471 471 471 471 471 471 471 471 471 471 471 471 471 471 471 471 471 471 471 471 471 471 471 471 471 471 471 471 471 471 471 471 471 471 471 471 471 471 471 471 471 471 471
471 471 471 471 471 471 471 471 471 471 471 471 471 471 471 471 471 471 471 471 471 471 471 471 471 471 471 471 471 471 471 471 471 471 471 471 471 471 471 471 471 471 471 471 471 471 471 471 471 471 471 471 471 471 471 471 471 471 471 471 471 471 471 471 471 471 471 471 471 471 471 471 471 471 471 471 471 471 471 471 471 471 471 471 471 471 471 471 471 471 471 471 471 471 471 471 471 471 471 471
471 471 471 471 471 471 471 471 471 471 471 471 471 471 471 471 471 471 471 471 471 471 471 471 471 471 471 471 471 471 471 471 471 471 471 471 471 471 471 471 471 471 471 471 471 471 471 471 471 471 471 471 471 471 471 471 471 471 471 471 471 471 471 471 471 471 471 471 471 471 471 471 471 471 471 471 471 471 471 471 471 471 471 471 471 471 471 471 471 471 471 471 471 471 471 471 471 471 471 471
471 471 471 471 471 471 471 471 471 471 471 471 471 471 471 471 471 471 471 471 471 471 471 471 471 471 471 471 471 471 471 471 471 471 471 471 471 471 471 471 471 471 471 471 471 471 471 471 471 471 471 471 471 471 471 471 471 471 471 471 471 471 471 471 471 471 471 471 471 471 471 471 471 471 471 471 471 471 471 471 471 471 471 471 471 471 471 471 471 471 471 471 471 471 471 471 471 471 471 471
471 471 471 471 471 471 471 471 471 471 471 471 471 471 471 471 471 471 471 471 471 471 471 471 471 471 471 471 471 471 471 471 471 471 471 471 471 471 471 471 471 471 471 471 471 471 471 471 471 471 471 471 471 471 471 471 471 471 471 471 471 471 471 471 471 471 471 471 471 471 471 471 471 471 471 471 471 471 471 471 471 471 471 471 471 471 471 471 471 471 471 471 471 471 471 471 471 471 471 471
471 471 471 471 471 471 471 471 471 471 471 471 471 471 471 471 471 471 471 471 471 471 471 471 471 471 471 471 471 471 471 471 471 471 471 471 471 471 471 471 471 471 471 471 471 471 471 471 471 471 471 471 471 471 471 471 471 471 471 471 471 471 471 471 471 471 471 471 471 471 471 471 471 471 471 471 471 471 471 471 471 471 471 471 471 471 471 471 471 471 471 471 471 471 471 471 471 471 471 471
471 471 471 471 471 471 471 471 471 471 471 471 471 471 471 471 471 471 471 471 471 471 471 471 471 471 471 471 471 471 471 471 471 471 471 471 471 471 471 471 471 471 471 471 471 471 471 471 471 471 471 471 471 471 471 471 471 471 471 471 471 471 471 471 471 471 471 471 471 471 471 471 471 471 471 471 471 471 471 471 471 471 471 471 471 471 471 471 471 471 471 471 471 471 471 471 471 471 471 471
471 471 471 471 471 471 471 471 471 471 471 471 471 471 471 471 471 471 471 471 471 471 471 471 471 471 471 471 471 471 471 471 471 471 471 471 471 471 471 471 471 471 471 471 471 471 471 471 471 471 471 471 471 471 471 471 471 471 471 471 471 471 471 471 471 471 471 471 471 471 471 471 471 471 471 471 471 471 471 471 471 471 471 471 471 471 471 471 471 471 471 471 471 471 471 471 471 471 471 471
471 471 471 471 471 471 471 471 471 471 471 471 471 471 471 471 471 471 471 471 471 471 471 471 471 471 471 471 471 471 471 471 471 471 471 471 471 471 471 471 471 471 471 471 471 471 471 471 471 471 471 471 471 471 471 471 471 471 471 471 471 471 471 471 471 471 471 471 471 471 471 471 471 471 471 471 471 471 471 471 471 471 471 471 471 471 471 471 471 471 471 471 471 471 471 471 471 471 471 471
471 471 471 471 471 471 471 471 471 471 471 471 471 471 471 471 471 471 471 471 471 471 471 471 471 471 471 471 471 471 471 471 471 471 471 471 471 471 471 471 471 471 471 471 471 471 471 471 471 471 471 471 471 471 471 471 471 471 471 471 471 471 471 471 471 471 471 471 471 471 471 471 471 471 471 471 471 471 471 471 471 471 471 471 471 471 471 471 471 471 471 471 471 471 471 471 471 471 471 471
471 471 471 471 471 471 471 471 471 471 471 471 471 471 471 471 471 471 471 471 471 471 471 471 471 471 471 471 471 471 471 471 471 471 471 471 471 471 471 471 471 471 471 471 471 471 471 471 471 471 471 471 471 471 471 471 471 471 471 471 471 471 471 471 471 471 471 471 471 471 471 471 471 471 471 471 471 471 471 471 471 471 471 471 471 471 471 471 471 471 471 471 471 471 471 471 471 471 471 471
471 471 471 471 471 471 471 471 471 471 471 471 471 471 471 471 471 471 471 471 471 471 471 471 471 471 471 471 471 471 471 471 471 471 471 471 471 471 471 471 471 471 471 471 471 471 471 471 471 471 471 471 471 471 471 471 471 471 471 471 471 471 471 471 471 471 471 471 471 471 471 471 471 471 471 471 471 471 471 471 471 471 471 471 471 471 471 471 471 471 471 471 471 471 471 471 471 471 471 471
471 471 471 471 471 471 471 471 471 471 471 471 471 471 471 471 471 471 471 471 471 471 471 471 471 471 471 471 471 471 471 471 471 471 471 471 471 471 471 471 471 471 471 471 471 471 471 471 471 471 471 471 471 471 471 471 471 471 471 471 471 471 471 471 471 471 471 471 471 471 471 471 471 471 471 471 471 471 471 471 471 471 471 471 471 471 471 471 471 471 471 471 471 471 471 471 471 471 471 471
471 471 471 471 471 471 471 471 471 471 471 471 471 471 471 471 471 471 471 471 471 471 471 471 471 471 471 471 471 471 471 471 471 471 471 471 471 471 471 471 471 471 471 471 471 471 471 471 471 471 471 471 471 471 471 471 471 471 471 471 471 471 471 471 471 471 471 471 471 471 471 471 471 471 471 471 471 471 471 471 471 471 471 471 471 471 471 471 471 471 471 471 471 471 471 471 471 471 471 471
471 471 471 471 471 471 471 471 471 471 471 471 471 471 471 471 471 471 471 471 471 471 471 471 471 471 471 471 471 471 471 471 471 471 471 471 471 471 471 471 471 471 471 471 471 471 471 471 471 471 471 471 471 471 471 471 471 471 471 471 471 471 471 471 471 471 471 471 471 471 471 471 471 471 471 471 471 471 471 471 471 471 471 471 471 471 471 471 471 471 471 471 471 471 471 471 471 471 471 471
471 471 471 471 471 471 471 471 471 471 471 471 471 471 471 471 471 471 471 471 471 471 471 471 471 471 471 471 471 471 471 471 471 471 471 471 471 471 471 471 471 471 471 471 471 471 471 471 471 471 471 471 471 471 471 471 471 471 471 471 471 471 471 471 471 471 471 471 471 471 471 471 471 471 471 471 471 471 471 471 471 471 471 471 471 471 471 471 471 471 471 471 471 471 471 471 471 471 471 471
471 471 471 471 471 471 471 471 471 471 471 471 471 471 471 471 471 471 471 471 471 471 471 471 471 471 471 471 471 471 471 471 471 471 471 471 471 471 471 471 471 471 471 471 471 471 471 471 471 471 471 471 471 471 471 471 471 471 471 471 471 471 471 471 471 471 471 471 471 471 471 471 471 471 471 471 471 471 471 471 471 471 471 471 471 471 471 471 471 471 471 471 471 471 471 471 471 471 471 471
471 471 471 471 471 471 471 471 471 471 471 471 471 471 471 471 471 471 471 471 471 471 471 471 471 471 471 471 471 471 471 471 471 471 471 471 471 471 471 471 471 471 471 471 471 471 471 471 471 471 471 471 471 471 471 471 471 471 471 471 471 471 471 471 471 471 471 471 471 471 471 471 471 471 471 471 471 471 471 471 471 471 471 471 471 471 471 471 471 471 471 471 471 471 471 471 471 471 471 471
471 471 471 471 471 471 471 471 471 471 471 471 471 471 471 471 471 471 471 471 471 471 471 471 471 471 471 471 471 471 471 471 471 471 471 471 471 471 471 471 471 471 471 471 471 471 471 471 471 471 471 471 471 471 471 471 471 471 471 471 471 471 471 471 471 471 471 471 471 471 471 471 471 471 471 471 471 471 471 471 471 471 471 471 471 471 471 471 471 471 471 471 471 471 471 471 471 471 471 471
471 471 471 471 471 471 471 471 471 471 471 471 471 471 471 471 471 471 471 471 471 471 471 471 471 471 471 471 471 471 471 471 471 471 471 471 471 471 471 471 471 471 471 471 471 471 471 471 471 471 471 471 471 471 471 471 471 471 471 471 471 471 471 471 471 471 471 471 471 471 471 471 471 471 471 471 471 471 471 471 471 471 471 471 471 471 471 471 471 471 471 471 471 471 471 471 471 471 471 471
471 471 471 471 471 471 471 471 471 471 471 471 471 471 471 471 471 471 471 471 471 471 471 471 471 471 471 471 471 471 471 471 471 471 471 471 471 471 471 471 471 471 471 471 471 471 471 471 471 471 471 471 471 471 471 471 471 471 471 471 471 471 471 471 471 471 471 471 471 471 471 471 471 471 471 471 471 471 471 471 471 471 471 471 471 471 471 471 471 471 471 471 471 471 471 471 471 471 471 471
471 471 471 471 471 471 471 471 471 471 471 471 471 471 471 471 471 471 471 471 471 471 471 471 471 471 471 471 471 471 471 471 471 471 471 471 471 471 471 471 471 471 471 471 471 471 471 471 471 471 471 471 471 471 471 471 471 471 471 471 471 471 471 471 471 471 471 471 471 471 471 471 471 471 471 471 471 471 471 471 471 471 471 471 471 471 471 471 471 471 471 471 471 471 471 471 471 471 471 471
471 471 471 471 471 471 471 471 471 471 471 471 471 471 471 471 471 471 471 471 471 471 471 471 471 471 471 471 471 471 471 471 471 471 471 471 471 471 471 471 471 471 471 471 471 471 471 471 471 471 471 471 471 471 471 471 471 471 471 471 471 471 471 471 471 471 471 471 471 471 471 471 471 471 471 471 471 471 471 471 471 471 471 471 471 471 471 471 471 471 471 471 471 471 471 471 471 471 471 471
471 471 471 471 471 471 471 471 471 471 471 471 471 471 471 471 471 471 471 471 471 471 471 471 471 471 471 471 471 471 471 471 471 471 471 471 471 471 471 471 471 471 471 471 471 471 471 471 471 471 471 471 471 471 471 471 471 471 471 471 471 471 471 471 471 471 471 471 471 471 471 471 471 471 471 471 471 471 471 471 471 471 471 471 471 471 471 471 471 471 471 471 471 471 471 471 471 471 471 471
471 471 471 471 471 471 471 471 471 471 471 471 471 471 471 471 471 471 471 471 471 471 471 471 471 471 471 471 471 471 471 471 471 471 471 471 471 471 471 471 471 471 471 471 471 471 471 471 471 471 471 471 471 471 471 471 471 471 471 471 471 471 471 471 471 471 471 471 471 471 471 471 471 471 471 471 471 471 471 471 471 471 471 471 471 471 471 471 471 471 471 471 471 471 471 471 471 471 471 471
471 471 471 471 471 471 471 471 471 471 471 471 471 471 471 471 471 471 471 471 471 471 471 471 471 471 471 471 471 471 471 471 471 471 471 471 471 471 471 471 471 471 471 471 471 471 471 471 471 471 471 471 471 471 471 471 471 471 471 471 471 471 471 471 471 471 471 471 471 471 471 471 471 471 471 471 471 471 471 471 471 471 471 471 471 471 471 471 471 471 471 471 471 471 471 471 471 471 471 471
471 471 471 471 471 471 471 471 471 471 471 471 471 471 471 471 471 471 471 471 471 471 471 471 471 471 471 471 471 471 471 471 471 471 471 471 471 471 471 471 471 471 471 471 471 471 471 471 471 471 471 471 471 471 471 471 471 471 471 471 471 471 471 471 471 471 471 471 471 471 471 471 471 471 471 471 471 471 471 471 471 471 471 471 471 471 471 471 471 471 471 471 471 471 471 471 471 471 471 471
471 471 471 471 471 471 471 471 471 471 471 471 471 471 471 471 471 471 471 471 471 471 471 471 471 471 471 471 471 471 471 471 471 471 471 471 471 471 471 471 471 471 471 471 471 471 471 471 471 471 471 471 471 471 471 471 471 471 471 471 471 471 471 471 471 471 471 471 471 471 471 471 471 471 471 471 471 471 471 471 471 471 471 471 471 471 471 471 471 471 471 471 471 471 471 471 471 471 471 471
471 471 471 471 471 471 471 471 471 471 471 471 471 471 471 471 471 471 471 471 471 471 471 471 471 471 471 471 471 471 471 471 471 471 471 471 471 471 471 471 471 471 471 471 471 471 471 471 471 471 471 471 471 471 471 471 471 471 471 471 471 471 471 471 471 471 471 471 471 471 471 471 471 471 471 471 471 471 471 471 471 471 471 471 471 471 471 471 471 471 471 471 471 471 471 471 471 471 471 471
471 471 471 471 471 471 471 471 471 471 471 471 471 471 471 471 471 471 471 471 471 471 471 471 471 471 471 471 471 471 471 471 471 471 471 471 471 471 471 471 471 471 471 471 471 471 471 471 471 471 471 471 471 471 471 471 471 471 471 471 471 471 471 471 471 471 471 471 471 471 471 471 471 471 471 471 471 471 471 471 471 471 471 471 471 471 471 471 471 471 471 471 471 471 471 471 471 471 471 471
471 471 471 471 471 471 471 471 471 471 471 471 471 471 471 471 471 471 471 471 471 471 471 471 471 471 471 471 471 471 471 471 471 471 471 471 471 471 471 471 471 471 471 471 471 471 471 471 471 471 471 471 471 471 471 471 471 471 471 471 471 471 471 471 471 471 471 471 471 471 471 471 471 471 471 471 471 471 471 471 471 471 471 471 471 471 471 471 471 471 471 471 471 471 471 471 471 471 471 471
471 471 471 471 471 471 471 471 471 471 471 471 471 471 471 471 471 471 471 471 471 471 471 471 471 471 471 471 471 471 471 471 471 471 471 471 471 471 471 471 471 471 471 471 471 471 471 471 471 471 471 471 471 471 471 471 471 471 471 471 471 471 471 471 471 471 471 471 471 471 471 471 471 471 471 471 471 471 471 471 471 471 471 471 471 471 471 471 471 471 471 471 471 471 471 471 471 471 471 471
471 471 471 471 471 471 471 471 471 471 471 471 471 471 471 471 471 471 471 471 471 471 471 471 471 471 471 471 471 471 471 471 471 471 471 471 471 471 471 471 471 471 471 471 471 471 471 471 471 471 471 471 471 471 471 471 471 471 471 471 471 471 471 471 471 471 471 471 471 471 471 471 471 471 471 471 471 471 471 471 471 471 471 471 471 471 471 471 471 471 471 471 471 471 471 471 471 471 471 471
471 471 471 471 471 471 471 471 471 471 471 471 471 471 471 471 471 471 471 471 471 471 471 471 471 471 471 471 471 471 471 471 471 471 471 471 471 471 471 471 471 471 471 471 471 471 471 471 471 471 471 471 471 471 471 471 471 471 471 471 471 471 471 471 471 471 471 471 471 471 471 471 471 471 471 471 471 471 471 471 471 471 471 471 471 471 471 471 471 471 471 471 471 471 471 471 471 471 471 471
471 471 471 471 471 471 471 471 471 471 471 471 471 471 471 471 471 471 471 471 471 471 471 471 471 471 471 471 471 471 471 471 471 471 471 471 471 471 471 471 471 471 471 471 471 471 471 471 471 471 471 471 471 471 471 471 471 471 471 471 471 471 471 471 471 471 471 471 471 471 471 471 471 471 471 471 471 471 471 471 471 471 471 471 471 471 471 471 471 471 471 471 471 471 471 471 471 471 471 471
471 471 471 471 471 471 471 471 471 471 471 471 471 471 471 471 471 471 471 471 471 471 471 471 471 471 471 471 471 471 471 471 471 471 471 471 471 471 471 471 471 471 471 471 471 471 471 471 471 471 471 471 471 471 471 471 471 471 471 471 471 471 471 471 471 471 471 471 471 471 471 471 471 471 471 471 471 471 471 471 471 471 471 471 471 471 471 471 471 471 471 471 471 471 471 471 471 471 471 471
471 471 471 471 471 471 471 471 471 471 471 471 471 471 471 471 471 471 471 471 471 471 471 471 471 471 471 471 471 471 471 471 471 471 471 471 471 471 471 471 471 471 471 471 471 471 471 471 471 471 471 471 471 471 471 471 471 471 471 471 471 471 471 471 471 471 471 471 471 471 471 471 471 471 471 471 471 471 471 471 471 471 471 471 471 471 471 471 471 471 471 471 471 471 471 471 471 471 471 471
471 471 471 471 471 471 471 471 471 471 471 471 471 471 471 471 471 471 471 471 471 471 471 471 471 471 471 471 471 471 471 471 471 471 471 471 471 471 471 471 471 471 471 471 471 471 471 471 471 471 471 471 471 471 471 471 471 471 471 471 471 471 471 471 471 471 471 471 471 471 471 471 471 471 471 471 471 471 471 471 471 471 471 471 471 471 471 471 471 471 471 471 471 471 471 471 471 471 471 471
471 471 471 471 471 471 471 471 471 471 471 471 471 471 471 471 471 471 471 471 471 471 471 471 471 471 471 471 471 471 471 471 471 471 471 471 471 471 471 471 471 471 471 471 471 471 471 471 471 471 471 471 471 471 471 471 471 471 471 471 471 471 471 471 471 471 471 471 471 471 471 471 471 471 471 471 471 471 471 471 471 471 471 471 471 471 471 471 471 471 471 471 471 471 471 471 471 471 471 471
471 471 471 471 471 471 471 471 471 471 471 471 471 471 471 471 471 471 471 471 471 471 471 471 471 471 471 471 471 471 471 471 471 471 471 471 471 471 471 471 471 471 471 471 471 471 471 471 471 471 471 471 471 471 471 471 471 471 471 471 471 471 471 471 471 471 471 471 471 471 471 471 471 471 471 471 471 471 471 471 471 471 471 471 471 471 471 471 471 471 471 471 471 471 471 471 471 471 471 471
471 471 471 471 471 471 471 471 471 471 471 471 471 471 471 471 471 471 471 471 471 471 471 471 471 471 471 471 471 471 471 471 471 471 471 471 471 471 471 471 471 471 471 471 471 471 471 471 471 471 471 471 471 471 471 471 471 471 471 471 471 471 471 471 471 471 471 471 471 471 471 471 471 471 471 471 471 471 471 471 471 471 471 471 471 471 471 471 471 471 471 471 471 471 471 471 471 471 471 471
471 471 471 471 471 471 471 471 471 471 471 471 471 471 471 471 471 471 471 471 471 471 471 471 471 471 471 471 471 471 471 471 471 471 471 471 471 471 471 471 471 471 471 471 471 471 471 471 471 471 471 471 471 471 471 471 471 471 471 471 471 471 471 471 471 471 471 471 471 471 471 471 471 471 471 471 471 471 471 471 471 471 471 471 471 471 471 471 471 471 471 471 471 471 471 471 471 471 471 471
471 471 471 471 471 471 471 471 471 471 471 471 471 471 471 471 471 471 471 471 471 471 471 471 471 471 471 471 471 471 471 471 471 471 471 471 471 471 471 471 471 471 471 471 471 471 471 471 471 471 471 471 471 471 471 471 471 471 471 471 471 471 471 471 471 471 471 471 471 471 471 471 471 471 471 471 471 471 471 471 471 471 471 471 471 471 471 471 471 471 471 471 471 471 471 471 471 471 471 471
471 471 471 471 471 471 471 471 471 471 471 471 471 471 471 471 471 471 471 471 471 471 471 471 471 471 471 471 471 471 471 471 471 471 471 471 471 471 471 471 471 471 471 471 471 471 471 471 471 471 471 471 471 471 471 471 471 471 471 471 471 471 471 471 471 471 471 471 471 471 471 471 471 471 471 471 471 471 471 471 471 471 471 471 471 471 471 471 471 471 471 471 471 471 471 471 471 471 471 471
471 471 471 471 471 471 471 471 471 471 471 471 471 471 471 471 471 471 471 471 471 471 471 471 471 471 471 471 471 471 471 471 471 471 471 471 471 471 471 471 471 471 471 471 471 471 471 471 471 471 471 471 471 471 471 471 471 471 471 471 471 471 471 471 471 471 471 471 471 471 471 471 471 471 471 471 471 471 471 471 471 471 471 471 471 471 471 471 471 471 471 471 471 471 471 471 471 471 471 471
471 471 471 471 471 471 471 471 471 471 471 471 471 471 471 471 471 471 471 471 471 471 471 471 471 471 471 471 471 471 471 471 471 471 471 471 471 471 471 471 471 471 471 471 471 471 471 471 471 471 471 471 471 471 471 471 471 471 471 471 471 471 471 471 471 471 471 471 471 471 471 471 471 471 471 471 471 471 471 471 471 471 471 471 471 471 471 471 471 471 471 471 471 471 471 471 471 471 471 471
471 471 471 471 471 471 471 471 471 471 471 471 471 471 471 471 471 471 471 471 471 471 471 471 471 471 471 471 471 471 471 471 471 471 471 471 471 471 471 471 471 471 471 471 471 471 471 471 471 471 471 471 471 471 471 471 471 471 471 471 471 471 471 471 471 471 471 471 471 471 471 471 471 471 471 471 471 471 471 471 471 471 471 471 471 471 471 471 471 471 471 471 471 471 471 471 471 471 471 471
471 471 471 471 471 471 471 471 471 471 471 471 471 471 471 471 471 471 471 471 471 471 471 471 471 471 471 471 471 471 471 471 471 471 471 471 471 471 471 471 471 471 471 471 471 471 471 471 471 471 471 471 471 471 471 471 471 471 471 471 471 471 471 471 471 471 471 471 471 471 471 471 471 471 471 471 471 471 471 471 471 471 471 471 471 471 471 471 471 471 471 471 471 471 471 471 471 471 471 471
471 471 471 471 471 471 471 471 471 471 471 471 471 471 471 471 471 471 471 471 471 471 471 471 471 471 471 471 471 471 471 471 471 471 471 471 471 471 471 471 471 471 471 471 471 471 471 471 471 471 471 471 471 471 471 471 471 471 471 471 471 471 471 471 471 471 471 471 471 471 471 471 471 471 471 471 471 471 471 471 471 471 471 471 471 471 471 471 471 471 471 471 471 471 471 471 471 471 471 471
471 471 471 471 471 471 471 471 471 471 471 471 471 471 471 471 471 471 471 471 471 471 471 471 471 471 471 471 471 471 471 471 471 471 471 471 471 471 471 471 471 471 471 471 471 471 471 471 471 471 471 471 471 471 471 471 471 471 471 471 471 471 471 471 471 471 471 471 471 471 471 471 471 471 471 471 471 471 471 471 471 471 471 471 471 471 471 471 471 471 471 471 471 471 471 471 471 471 471 471
471 471 471 471 471 471 471 471 471 471 471 471 471 471 471 471 471 471 471 471 471 471 471 471 471 471 471 471 471 471 471 471 471 471 471 471 471 471 471 471 471 471 471 471 471 471 471 471 471 471 471 471 471 471 471 471 471 471 471 471 471 471 471 471 471 471 471 471 471 471 471 471 471 471 471 471 471 471 471 471 471 471 471 471 471 471 471 471 471 471 471 471 471 471 471 471 471 471 471 471
471 471 471 471 471 471 471 471 471 471 471 471 471 471 471 471 471 471 471 471 471 471 471 471 471 471 471 471 471 471 471 471 471 471 471 471 471 471 471 471 471 471 471 471 471 471 471 471 471 471 471 471 471 471 471 471 471 471 471 471 471 471 471 471 471 471 471 471 471 471 471 471 471 471 471 471 471 471 471 471 471 471 471 471 471 471 471 471 471 471 471 471 471 471 471 471 471 471 471 471
471 471 471 471 471 471 471 471 471 471 471 471 471 471 471 471 471 471 471 471 471 471 471 471 471 471 471 471 471 471 471 471 471 471 471 471 471 471 471 471 471 471 471 471 471 471 471 471 471 471 471 471 471 471 471 471 471 471 471 471 471 471 471 471 471 471 471 471 471 471 471 471 471 471 471 471 471 471 471 471 471 471 471 471 471 471 471 471 471 471 471 471 471 471 471 471 471 471 471 471
471 471 471 471 471 471 471 471 471 471 471 471 471 471 471 471 471 471 471 471 471 471 471 471 471 471 471 471 471 471 471 471 471 471 471 471 471 471 471 471 471 471 471 471 471 471 471 471 471 471 471 471 471 471 471 471 471 471 471 471 471 471 471 471 471 471 471 471 471 471 471 471 471 471 471 471 471 471 471 471 471 471 471 471 471 471 471 471 471 471 471 471 471 471 471 471 471 471 471 471
471 471 471 471 471 471 471 471 471 471 471 471 471 471 471 471 471 471 471 471 471 471 471 471 471 471 471 471 471 471 471 471 471 471 471 471 471 471 471 471 471 471 471 471 471 471 471 471 471 471 471 471 471 471 471 471 471 471 471 471 471 471 471 471 471 471 471 471 471 471 471 471 471 471 471 471 471 471 471 471 471 471 471 471 471 471 471 471 471 471 471 471 471 471 471 471 471 471 471 471
471 471 471 471 471 471 471 471 471 471 471 471 471 471 471 471 471 471 471 471 471 471 471 471 471 471 471 471 471 471 471 471 471 471 471 471 471 471 471 471 471 471 471 471 471 471 471 471 471 471 471 471 471 471 471 471 471 471 471 471 471 471 471 471 471 471 471 471 471 471 471 471 471 471 471 471 471 471 471 471 471 471 471 471 471 471 471 471 471 471 471 471 471 471 471 471 471 471 471 471
471 471 471 471 471 471 471 471 471 471 471 471 471 471 471 471 471 471 471 471 471 471 471 471 471 471 471 471 471 471 471 471 471 471 471 471 471 471 471 471 471 471 471 471 471 471 471 471 471 471 471 471 471 471 471 471 471 471 471 471 471 471 471 471 471 471 471 471 471 471 471 471 471 471 471 471 471 471 471 471 471 471 471 471 471 471 471 471 471 471 471 471 471 471 471 471 471 471 471 471
471 471 471 471 471 471 471 471 471 471 471 471 471 471 471 471 471 471 471 471 471 471 471 471 471 471 471 471 471 471 471 471 471 471 471 471 471 471 471 471 471 471 471 471 471 471 471 471 471 471 471 471 471 471 471 471 471 471 471 471 471 471 471 471 471 471 471 471 471 471 471 471 471 471 471 471 471 471 471 471 471 471 471 471 471 471 471 471 471 471 471 471 471 471 471 471 471 471 471 471
471 471 471 471 471 471 471 471 471 471 471 471 471 471 471 471 471 471 471 471 471 471 471 471 471 471 471 471 471 471 471 471 471 471 471 471 471 471 471 471 471 471 471 471 471 471 471 471 471 471 471 471 471 471 471 471 471 471 471 471 471 471 471 471 471 471 471 471 471 471 471 471 471 471 471 471 471 471 471 471 471 471 471 471 471 471 471 471 471 471 471 471 471 471 471 471 471 471 471 471
471 471 471 471 471 471 471 471 471 471 471 471 471 471 471 471 471 471 471 471 471 471 471 471 471 471 471 471 471 471 471 471 471 471 471 471 471 471 471 471 471 471 471 471 471 471 471 471 471 471 471 471 471 471 471 471 471 471 471 471 471 471 471 471 471 471 471 471 471 471 471 471 471 471 471 471 471 471 471 471 471 471 471 471 471 471 471 471 471 471 471 471 471 471 471 471 471 471 471 471
471 471 471 471 471 471 471 471 471 471 471 471 471 471 471 471 471 471 471 471 471 471 471 471 471 471 471 471 471 471 471 471 471 471 471 471 471 471 471 471 471 471 471 471 471 471 471 471 471 471 471 471 471 471 471 471 471 471 471 471 471 471 471 471 471 471 471 471 471 471 471 471 471 471 471 471 471 471 471 471 471 471 471 471 471 471 471 471 471 471 471 471 471 471 471 471 471 471 471 471
471 471 471 471 471 471 471 471 471 471 471 471 471 471 471 471 471 471 471 471 471 471 471 471 471 471 471 471 471 471 471 471 471 471 471 471 471 471 471 471 471 471 471 471 471 471 471 471 471 471 471 471 471 471 471 471 471 471 471 471 471 471 471 471 471 471 471 471 471 471 471 471 471 471 471 471 471 471 471 471 471 471 471 471 471 471 471 471 471 471 471 471 471 471 471 471 471 471 471 471
471 471 471 471 471 471 471 471 471 471 471 471 471 471 471 471 471 471 471 471 471 471 471 471 471 471 471 471 471 471 471 471 471 471 471 471 471 471 471 471 471 471 471 471 471 471 471 471 471 471 471 471 471 471 471 471 471 471 471 471 471 471 471 471 471 471 471 471 471 471 471 471 471 471 471 471 471 471 471 471 471 471 471 471 471 471 471 471 471 471 471 471 471 471 471 471 471 471 471 471
471 471 471 471 471 471 471 471 471 471 471 471 471 471 471 471 471 471 471 471 471 471 471 471 471 471 471 471 471 471 471 471 471 471 471 471 471 471 471 471 471 471 471 471 471 471 471 471 471 471 471 471 471 471 471 471 471 471 471 471 471 471 471 471 471 471 471 471 471 471 471 471 471 471 471 471 471 471 471 471 471 471 471 471 471 471 471 471 471 471 471 471 471 471 471 471 471 471 471 471
